"Code","Prediction"
1018561,0
1048672,0
1054590,1
1056784,0
1066373,0
1079304,0
1080185,1
1084584,1
1091262,1
1099510,1
1103608,1
1103722,0
1112209,1
1116192,0
1117152,0
1121732,0
1124651,0
1125035,1
1131294,0
1133136,NA
1,NA
1143978,0
1143978,0
1147044,0
1155546,0
1158247,0
1165297,0
1169049,1
1171710,1
1173347,0
1176406,0
1180831,0
1182404,0
1185609,0
1189266,1
1196295,1
1196915,1
1197440,0
1198128,1
1198641,0
1204242,0
1206841,1
1207986,1
1212251,0
1212422,0
1212422,0
1213375,1
1213383,0
1219406,0
1220330,0
1222047,1
1227481,1
1241679,1
1242364,1
1243256,1
1276091,0
1277018,0
1100524,1
1116116,1
1168736,1
390840,1
476903,NA
1,NA
508234,1
543558,1
560680,0
601265,1
606140,NA
1,NA
616240,1
635844,1
636130,0
659642,1
740492,0
764974,0
785208,1
704097,0
809912,1
814911,0
826923,0
831268,0
837082,0
888169,0
888523,0
160296,1
493452,0
1080233,1
1196263,0
1196475,0
1238915,0
1239232,0
1266154,1
1276091,0
1276091,0
1293439,0
734111,0
780555,0
1201870,0
1230994,1
1246562,1
1267898,0
1293966,0
1070522,0
1073960,1
1115293,0
1170945,0
1182404,0
1217952,0
1238186,0
1297522,0
1306282,1
798429,0
867392,0
1043068,0
1116192,0
1135090,0
1145420,0
1186936,0
1289391,0
1321931,0
1321942,0
695091,0
1239420,0
1268275,1
1311875,0
1320141,0
188336,NA
7,NA
353098,0
636375,0
822829,1
1061990,0
1140597,0
1190386,1
1319609,0
1323477,0
1324572,0
1324681,0
1334015,1
1347943,0
1365075,0
1369821,1
654546,0
695091,NA
8,NA
